
d = (t - x) * x
d = tx - x2
0 = -x2 + tx - d


t ± √(t² - (4 * d)) / 2


t, d = 7, 9
-7 ± √(49 - (4 * (-1) * (-9))) / -2
x1 <- 1.7 (2)
x2 <- 5.3 (5)

t, d = 15, 40
15 ± √(225 - (160)) / 2

2 .. 5 -> 4
4 .. 11 -> 8
11 .. 19 -> 9
= 288

40, 215 -> 7 .. 33 -> 27
70, 1051 -> 22 .. 48 -> 27
98, 2147 -> 34 .. 64 -> 31
79, 1005 -> 16 .. 63 -> 48
= 1084752


40709879, 215105121471005
-> 6240464 .. 34469415 -> 28228952

